tree
version=v4
num_class=1
num_tree_per_iteration=1
label_index=0
max_feature_idx=33
objective=binary sigmoid:1
feature_names=time_since_sim_swap_minutes is_loadshedding_coincident device_changed new_device_first_tx velocity_1h velocity_spike_ratio province_mismatch amount_zar amount_to_balance_ratio log_amount loadshedding_active loadshedding_stage hour_of_day is_weekend payment_rail_ATM payment_rail_CARD_CNP payment_rail_CARD_PRESENT payment_rail_CASH_DEPOSIT payment_rail_EFT payment_rail_MOBILE_APP payment_rail_PAYSHAP merchant_category_clothing merchant_category_crypto_exchange merchant_category_electronics merchant_category_fuel merchant_category_gambling merchant_category_grocery merchant_category_peer_transfer merchant_category_pharmacy merchant_category_restaurant merchant_category_spaza_shop merchant_category_taxi merchant_category_unknown merchant_category_utilities
feature_infos=[-1:1440] [0:1] [0:1] [0:1] none none [0:1] [5:100000] [0.00049995000499950004:9.9990000999900008] [1.791759469228055:11.512935464920229] [0:1] [0:2] [0:23] [0:1] [0:1] [0:1] [0:1] [0:1] [0:1] [0:1] [0:1] [0:1] [0:1] [0:1] [0:1] [0:1] [0:1] [0:1] [0:1] [0:1] [0:1] [0:1] [0:1] [0:1]
tree_sizes=6740

Tree=0
num_leaves=63
num_cat=0
split_feature=3 27 7 17 16 7 12 11 12 22 25 30 7 12 12 12 7 7 7 7 13 12 1 25 12 7 7 7 12 7 7 12 12 12 7 13 12 7 7 7 30 7 12 7 7 18 7 12 7 7 12 12 7 12 7 12 7 7 7 7 12 7
split_gain=1.2047e+08 9.93569e+07 3.60002e+07 2.67639e+07 8.4717e+06 8.14268e+06 4.88367e+06 5.13761e+06 2.58461e+06 2.43289e+06 5.31762e+06 6.5585e+06 1.85967e+06 934559 569031 391422 392948 382736 357964 435951 225686 277237 186117 168450 166603 183875 277913 290146 119564 111883 640167 109367 92957.2 131184 164488 87571.5 112723 84434.7 180404 82971.1 136268 76553.9 75499.6 59918.8 119627 54566.8 83758.9 68842.7 52716.8 45392.4 45259.1 62569.1 37070.2 23815.7 33344.8 19355.6 19258.8 16843.1 9735.61 7404.7 6251.25 3718.33
threshold=1.0000000180025095e-35 1.0000000180025095e-35 99.500000000000014 1.0000000180025095e-35 1.0000000180025095e-35 3001.0000000000005 8.5000000000000018 1.0000000180025095e-35 9.5000000000000018 1.0000000180025095e-35 1.0000000180025095e-35 1.0000000180025095e-35 2999.5000000000005 1.0000000180025095e-35 12.500000000000002 19.500000000000004 2105.5000000000005 11.500000000000002 56.055000000000007 42.500000000000007 1.0000000180025095e-35 10.500000000000002 1.0000000180025095e-35 1.0000000180025095e-35 21.500000000000004 17.500000000000004 34.500000000000007 25.500000000000004 9.5000000000000018 451.50000000000006 698.50000000000011 15.500000000000002 1.0000000180025095e-35 7.5000000000000009 69.500000000000014 1.0000000180025095e-35 8.5000000000000018 84.500000000000014 62.500000000000007 24.500000000000004 1.0000000180025095e-35 334.50000000000006 18.500000000000004 52.500000000000007 42.500000000000007 1.0000000180025095e-35 967.50000000000011 11.500000000000002 58.500000000000007 1329.5000000000002 13.500000000000002 15.500000000000002 1404.5000000000002 14.500000000000002 72.500000000000014 11.500000000000002 72.500000000000014 1364.5000000000002 1364.5000000000002 28.500000000000004 13.500000000000002 84.500000000000014
decision_type=2 2 2 2 2 2 2 2 2 2 2 2 2 2 2 2 2 2 2 2 2 2 2 2 2 2 2 2 2 2 2 2 2 2 2 2 2 2 2 2 2 2 2 2 2 2 2 2 2 2 2 2 2 2 2 2 2 2 2 2 2 2
left_child=-1 2 3 4 6 8 23 9 13 10 11 -8 15 -3 17 16 29 -13 19 20 21 28 24 32 25 -16 27 -27 -19 41 -31 45 -2 -34 39 -15 -37 38 -20 40 -35 -10 49 44 -28 46 -32 -48 -45 -33 55 -52 -49 -50 -55 -18 -40 -17 -47 -12 -61 -36
right_child=1 5 -4 -5 -6 -7 7 -9 12 -11 59 14 -14 35 22 57 50 18 37 -21 -22 -23 -24 -25 -26 26 43 -29 -30 30 31 42 33 34 61 36 -38 -39 56 -41 -42 -43 -44 48 -46 58 47 52 53 -51 51 -53 -54 54 -56 -57 -58 -59 -60 60 -62 -63
leaf_value=-9.4581290991036617 234.32185454117811 505.57002161545478 -9.4581290991036617 -9.4581290991036617 -9.4581290991036617 599.99185594566711 -9.4581290991036617 -9.4581290991036617 352.59135653961317 599.99185594566552 598.94288859934386 573.74759643460322 -9.45812909910366 -9.4581290991036617 554.19503325511312 510.45180533004708 493.92238330612992 175.22367541838307 468.54185185654745 -9.4581290991036582 457.10644499246729 -9.4581290991036564 599.99185594564437 359.90548787707627 557.47208674090166 375.45764086774989 459.34954402879833 -9.4581290991036546 380.58985136702171 -9.4581290991036582 459.3495440287947 175.22367541838307 -9.4581290991036617 -9.4581290991036546 274.00696946660906 -9.4581290991036546 270.7487498365814 479.73248749950017 303.08031396707833 -9.45812909910366 324.48705747503027 488.05205629085407 418.22606188233397 528.85731064658808 277.34185309051179 429.78509466211125 252.67088612779898 315.5818521627782 493.18102757436321 315.5818521627782 520.49837473109062 377.49423233497845 427.81539400686006 461.15961236397806 365.58800530947605 552.57067245040616 208.20256991786991 557.47208674090439 483.02670059474423 572.03543272082891 588.94980401548014 224.94570106837111
leaf_weight=712.90631776198279 0.0082041192799801044 0.011649849009700008 3.287964977149386 0.63975723960902531 0.12617935810703773 1.2306178396102039 0.11206827254500218 0.058003124955575802 0.016572320717386901 0.28222169121727347 0.095331861986778677 0.017146608617622405 0.025022564514074475 0.052670447272248566 0.02838625165168196 0.034621382248587906 0.027811963518615812 0.010829437524080276 0.020920503593515605 0.013618838391266763 0.017146608850453049 0.0086963666835799813 0.026253180578351021 0.0054147186456248156 0.035277711576782167 0.015587826375849545 0.025596851482987404 0.0071375839761458329 0.020510297850705683 0.011567808513063937 0.02133070956915617 0.010829437524080276 0.039461814856622368 0.0062351308297365904 0.0070555425481870779 0.0072196251712739468 0.0071375837433151901 0.024530315946321934 0.012798425974324346 0.021166628343053162 0.0059890070115216076 0.028140128299128264 0.0093526957789435983 0.026007057225797325 0.013947002706117928 0.018213144387118518 0.015259661828167737 0.012306178803555667 0.015915990923531353 0.012306178803555667 0.015095578972250223 0.015505785180721432 0.018295185582246631 0.021248668374028057 0.01599803235149011 0.028468292846810073 0.0091886136215180159 0.0423332538921386 0.016244155704043806 0.089424896636046469 0.14037247508531436 0.0085322840604931116
leaf_count=8689614 61 25 40077 7798 1538 375 1366 707 85 86 31 14 305 642 34 71 66 93 60 166 53 106 8 27 40 73 78 87 94 141 65 93 481 76 47 88 48 65 78 258 34 70 36 44 92 66 108 72 38 72 28 72 67 64 78 35 73 48 42 76 73 65
internal_value=-7.43011 198.854 92.7951 258.237 381.233 533.012 420.166 449.24 353.024 473.292 429.894 327.343 407.125 92.2228 424.94 436.55 408.863 350.935 323.298 244.774 305.322 240.316 474.644 88.5242 458.599 438.061 414.753 254.564 309.626 368.658 347.427 378.204 73.3195 58.3842 113.044 20.3803 129.845 405.739 363.437 50.4387 154.153 437.845 298.345 445.418 395.156 403.728 377.494 339.422 470.523 249.882 496.978 448.038 382.681 441.986 420.11 523.589 263.43 536.318 454.885 587.228 582.368 247.152
internal_weight=719.915 7.0087 5.32013 2.03216 1.3924 1.68857 1.26622 1.16416 0.457954 1.10616 0.82394 0.49881 0.379276 0.0786775 0.386742 0.354254 0.277299 0.155386 0.138239 0.0708015 0.0571827 0.0400361 0.231356 0.102059 0.205103 0.169825 0.141439 0.0227254 0.0313397 0.190418 0.145705 0.134137 0.0966445 0.0884404 0.0489786 0.0670277 0.0143572 0.0674379 0.0429075 0.0333908 0.0122241 0.0447124 0.0324883 0.118714 0.0395439 0.101649 0.0671917 0.045861 0.0791697 0.0231356 0.0868816 0.0306014 0.0306014 0.0531627 0.0372467 0.0562803 0.021987 0.0769546 0.0344573 0.325129 0.229797 0.0155878
internal_count=8746573 56959 54239 14162 6364 2720 4826 3777 2345 3070 2984 2804 1542 803 1438 1237 1118 802 788 512 346 293 636 1049 628 588 554 160 187 917 762 621 1022 961 480 778 136 276 211 368 110 155 201 394 170 420 312 247 224 165 201 100 139 180 142 101 151 119 108 180 149 112
is_linear=0
shrinkage=1


end of trees

feature_importances:
amount_zar=29
hour_of_day=19
is_weekend=2
merchant_category_gambling=2
merchant_category_spaza_shop=2
is_loadshedding_coincident=1
new_device_first_tx=1
loadshedding_stage=1
payment_rail_CARD_PRESENT=1
payment_rail_CASH_DEPOSIT=1
payment_rail_EFT=1
merchant_category_crypto_exchange=1
merchant_category_peer_transfer=1

parameters:
[boosting: gbdt]
[objective: binary]
[metric: auc]
[tree_learner: serial]
[device_type: cpu]
[data_sample_strategy: bagging]
[data: ]
[valid: ]
[num_iterations: 500]
[learning_rate: 0.05]
[num_leaves: 63]
[num_threads: 16]
[seed: 0]
[deterministic: 0]
[force_col_wise: 0]
[force_row_wise: 0]
[histogram_pool_size: -1]
[max_depth: -1]
[min_data_in_leaf: 50]
[min_sum_hessian_in_leaf: 0.001]
[bagging_fraction: 0.8]
[pos_bagging_fraction: 1]
[neg_bagging_fraction: 1]
[bagging_freq: 5]
[bagging_seed: 3]
[bagging_by_query: 0]
[feature_fraction: 0.8]
[feature_fraction_bynode: 1]
[feature_fraction_seed: 2]
[extra_trees: 0]
[extra_seed: 6]
[early_stopping_round: 50]
[early_stopping_min_delta: 0]
[first_metric_only: 0]
[max_delta_step: 0]
[lambda_l1: 0]
[lambda_l2: 0]
[linear_lambda: 0]
[min_gain_to_split: 0]
[drop_rate: 0.1]
[max_drop: 50]
[skip_drop: 0.5]
[xgboost_dart_mode: 0]
[uniform_drop: 0]
[drop_seed: 4]
[top_rate: 0.2]
[other_rate: 0.1]
[min_data_per_group: 100]
[max_cat_threshold: 32]
[cat_l2: 10]
[cat_smooth: 10]
[max_cat_to_onehot: 4]
[top_k: 20]
[monotone_constraints: ]
[monotone_constraints_method: basic]
[monotone_penalty: 0]
[feature_contri: ]
[forcedsplits_filename: ]
[refit_decay_rate: 0.9]
[cegb_tradeoff: 1]
[cegb_penalty_split: 0]
[cegb_penalty_feature_lazy: ]
[cegb_penalty_feature_coupled: ]
[path_smooth: 0]
[interaction_constraints: ]
[verbosity: -1]
[saved_feature_importance_type: 0]
[use_quantized_grad: 0]
[num_grad_quant_bins: 4]
[quant_train_renew_leaf: 0]
[stochastic_rounding: 1]
[linear_tree: 0]
[max_bin: 255]
[max_bin_by_feature: ]
[min_data_in_bin: 3]
[bin_construct_sample_cnt: 200000]
[data_random_seed: 1]
[is_enable_sparse: 1]
[enable_bundle: 1]
[use_missing: 1]
[zero_as_missing: 0]
[feature_pre_filter: 1]
[pre_partition: 0]
[two_round: 0]
[header: 0]
[label_column: ]
[weight_column: ]
[group_column: ]
[ignore_column: ]
[categorical_feature: ]
[forcedbins_filename: ]
[precise_float_parser: 0]
[parser_config_file: ]
[objective_seed: 5]
[num_class: 1]
[is_unbalance: 0]
[scale_pos_weight: 40]
[sigmoid: 1]
[boost_from_average: 1]
[reg_sqrt: 0]
[alpha: 0.9]
[fair_c: 1]
[poisson_max_delta_step: 0.7]
[tweedie_variance_power: 1.5]
[lambdarank_truncation_level: 30]
[lambdarank_norm: 1]
[label_gain: ]
[lambdarank_position_bias_regularization: 0]
[eval_at: ]
[multi_error_top_k: 1]
[auc_mu_weights: ]
[num_machines: 1]
[local_listen_port: 12400]
[time_out: 120]
[machine_list_filename: ]
[machines: ]
[gpu_platform_id: -1]
[gpu_device_id: -1]
[gpu_use_dp: 0]
[num_gpu: 1]

end of parameters

pandas_categorical:[]
